1 1 1 1 1
1 1 1 1 1
1 1 1 1 1
1 1 1 1 2
2 2 2 2 2
2 2 2 2 2
2 2 2 2 2
2 2 2 2 2
3 3 3 3 3
3 3 3 3 3
3 3 3 3 3
3 3 3 3 3
4 4 4 4 4
4 4 4 4 4
4 4 4 4 4
4 4 4 6 6
6 6 6 6 6
6 6 6 6 6
6 6 6 6 6
6 6 6 6 6
7 7 7 7 7
7 7 7 7 7
7 7 7 7 7
7 7 7 7 7
7 7 7 7 7
9 9 9 9 9
9 9 9 9 9
9 9 9 9 9
9 9 9 9 9
9 9 9 9 9
10 10 10 10 10
10 10 10 10 10
10 10 10 10 10
10 10 10 10 10
10 10 10 10 10
11 11 11 11 11
11 11 11 11 11
11 11 11 11 11
11 11 11 12 12
12 12 12 12 12
12 12 12 12 12
12 12 12 12 12
12 12 12 12 12
12 12 12 12 12
14 14 14 14 14
14 14 14 14 14
14 14 14 14 14
14 14 14 14 14
14 14 14 14 14
14 14 14 14 14
14 20 20 20 20
20 20 20 20 20
20 20 20 20 20
20 20 20 20 20
20 20 20 20 20
20 20 20 20 20
20 20 20 20 20
20 20 20 20 21
21 21 21 21 21
21 21 21 21 21
21 21 21 21 21
21 21 21 21 21
21 21 21 21 21
21 21 21 21 21
21 21 21 21 21
21 21 21 21 21
21
